HF1 1 3600   1
HF1 3601 7200   2
HF1 7201 10800   3
HF1 10801 14400   4
HF1 14401 18000   5
HF1 18001 21600   6
HF1 21601 25200   7
HF1 25201 28800   8
HF1 28801 32400   9
HF1 32401 36000   10
HF1 36001 39600   11
HF1 39601 43200   12
HF1 43201 46800   13
HF1 46801 50400   14
HF1 50401 54000   15
HF1 54001 57600   16
HF1 57601 61200   17
HF1 61201 64800   18
HF1 64801 68400   19
HF1 68401 72000   20
HF1 72001 75600   21
HF1 75601 79200   22
HF1 79201 82800   23
HF1 82801 86400   24
HF1 86401 90000   25
HF1 90001 93600   26
HF1 93601 97200   27
HF1 97201 100800   28
HF1 100801 104400   29
HF1 104401 108000   30
HF1 108001 111600   31
HF1 111601 115200   32
HF1 115201 118800   33
HF1 118801 122400   34
HF1 122401 126000   35
HF1 126001 129600   36
HF1 129601 133200   37
HF1 133201 136800   38
HF1 136801 140400   39
HF1 140401 144000   40
HF1 144001 147600   41
HF1 147601 151200   42
HF1 151201 154800   43
HF1 154801 158400   44
HF1 158401 162000   45
HF1 162001 165600   46
HF1 165601 169200   47
HF1 169201 172800   48
HF1 172801 176400   49
HF1 176401 180000   50
HF1 180001 183600   51
HF1 183601 187200   52
HF1 187201 190800   53
HF1 190801 194400   54
HF1 194401 198000   55
HF1 198001 201600   56
HF1 201601 205200   57
HF1 205201 208800   58
HF1 208801 212400   59
HF1 212401 216000   60
HF1 216001 219600   61
HF1 219601 223200   62
HF1 223201 226800   63
HF1 226801 230400   64
HF1 230401 234000   65
HF1 234001 237600   66
HF1 237601 241200   67
HF1 241201 244800   68
HF1 244801 248400   69
HF1 248401 252000   70
HF1 252001 255600   71
HF1 255601 259200   72
HF1 259201 262800   73
HF1 262801 266400   74
HF1 266401 270000   75
HF1 270001 273600   76
HF1 273601 277200   77
HF1 277201 280800   78
HF1 280801 284400   79
HF1 284401 288000   80
HF1 288001 291600   81
HF1 291601 295200   82
HF1 295201 298800   83
HF1 298801 302400   84
HF1 302401 306000   85
HF1 306001 309600   86
HF1 309601 313200   87
HF1 313201 316800   88
HF1 316801 320400   89
HF1 320401 324000   90
HF1 324001 327600   91
HF1 327601 331200   92
HF1 331201 334800   93
HF1 334801 338400   94
HF1 338401 342000   95
HF1 342001 345600   96
HF1 345601 349200   97
HF1 349201 352800   98
HF1 352801 356400   99
HF1 356401 360000   100
HF1 360001 363600   101
HF1 363601 367200   102
HF1 367201 370800   103
HF1 370801 374400   104
HF1 374401 378000   105
HF1 378001 381600   106
HF1 381601 385200   107
HF1 385201 388800   108
HF1 388801 392400   109
HF1 392401 396000   110
HF1 396001 399600   111
HF1 399601 403200   112
HF1 403201 406800   113
HF1 406801 410400   114
HF1 410401 414000   115
HF1 414001 417600   116
HF1 417601 421200   117
HF1 421201 424800   118
HF1 424801 428400   119
HF1 428401 432000   120
HF1 432001 435600   121
HF1 435601 439200   122
HF1 439201 442800   123
HF1 442801 446400   124
HF1 446401 450000   125
HF1 450001 453600   126
HF1 453601 457200   127
HF1 457201 460800   128
HF1 460801 464400   129
HF1 464401 468000   130
HF1 468001 471600   131
HF1 471601 475200   132
HF1 475201 478800   133
HF1 478801 482400   134
HF1 482401 486000   135
HF1 486001 489600   136
HF1 489601 493200   137
HF1 493201 496800   138
HF1 496801 500400   139
HF1 500401 504000   140
HF1 504001 507600   141
HF1 507601 511200   142
HF1 511201 514800   143
HF1 514801 518400   144
HF1 518401 522000   145
HF1 522001 525600   146
HF1 525601 529200   147
HF1 529201 532800   148
HF1 532801 536400   149
HF1 536401 540000   150
HF1 540001 543600   151
HF1 543601 547200   152
HF1 547201 550800   153
HF1 550801 554400   154
HF1 554401 558000   155
HF1 558001 561600   156
HF1 561601 565200   157
HF1 565201 568800   158
HF1 568801 572400   159
HF1 572401 576000   160
HF1 576001 579600   161
HF1 579601 583200   162
HF1 583201 586800   163
HF1 586801 590400   164
HF1 590401 594000   165
HF1 594001 597600   166
HF1 597601 601200   167
HF1 601201 604800   168
HF1 604801 608400   169
HF1 608401 612000   170
HF1 612001 615600   171
HF1 615601 619200   172
HF1 619201 622800   173
HF1 622801 626400   174
HF1 626401 630000   175
HF1 630001 633600   176
HF1 633601 637200   177
HF1 637201 640800   178
HF1 640801 644400   179
HF1 644401 648000   180
HF1 648001 651600   181
HF1 651601 655200   182
HF1 655201 658800   183
HF1 658801 662400   184
HF1 662401 666000   185
HF1 666001 669600   186
HF1 669601 673200   187
HF1 673201 676800   188
HF1 676801 680400   189
HF1 680401 684000   190
HF1 684001 687600   191
HF1 687601 691200   192
HF1 691201 694800   193
HF1 694801 698400   194
HF1 698401 702000   195
HF1 702001 705600   196
HF1 705601 709200   197
HF1 709201 712800   198
HF1 712801 716400   199
HF1 716401 720000   200
HF1 720001 723600   201
HF1 723601 727200   202
HF1 727201 730800   203
HF1 730801 734400   204
HF1 734401 738000   205
HF1 738001 741600   206
HF1 741601 745200   207
HF1 745201 748800   208
HF1 748801 752400   209
HF1 752401 756000   210
HF1 756001 759600   211
HF1 759601 763200   212
HF1 763201 766800   213
HF1 766801 770400   214
HF1 770401 774000   215
HF1 774001 777600   216
HF1 777601 781200   217
HF1 781201 784800   218
HF1 784801 788400   219
HF1 788401 792000   220
HF1 792001 795600   221
HF1 795601 799200   222
HF1 799201 802800   223
HF1 802801 806400   224
HF1 806401 810000   225
HF1 810001 813600   226
HF1 813601 817200   227
HF1 817201 820800   228
HF1 820801 824400   229
HF1 824401 828000   230
HF1 828001 831600   231
HF1 831601 835200   232
HF1 835201 838800   233
HF1 838801 842400   234
HF1 842401 846000   235
HF1 846001 849600   236
HF1 849601 853200   237
HF1 853201 856800   238
HF1 856801 860400   239
HF1 860401 864000   240
HF1 864001 867600   241
HF1 867601 871200   242
HF1 871201 874800   243
HF1 874801 878400   244
HF1 878401 882000   245
HF1 882001 885600   246
HF1 885601 889200   247
HF1 889201 892800   248
HF1 892801 896400   249
HF1 896401 900000   250
HF1 900001 903600   251
HF1 903601 907200   252
HF1 907201 910800   253
HF1 910801 914400   254
HF1 914401 918000   255
HF1 918001 921600   256
HF1 921601 925200   257
HF1 925201 928800   258
HF1 928801 932400   259
HF1 932401 936000   260
HF1 936001 939600   261
HF1 939601 943200   262
HF1 943201 946800   263
HF1 946801 950400   264
HF1 950401 954000   265
HF1 954001 957600   266
HF1 957601 961200   267
HF1 961201 964800   268
HF1 964801 968400   269
HF1 968401 972000   270
HF1 972001 975600   271
HF1 975601 979200   272
HF1 979201 982800   273
HF1 982801 986400   274
HF1 986401 990000   275
HF1 990001 993600   276
HF1 993601 997200   277
HF1 997201 1000800   278
HF1 1000801 1004400   279
HF1 1004401 1008000   280
HF1 1008001 1011600   281
HF1 1011601 1015200   282
HF1 1015201 1018800   283
HF1 1018801 1022400   284
HF1 1022401 1026000   285
HF1 1026001 1029600   286
HF1 1029601 1033200   287
HF1 1033201 1036800   288
HF1 1036801 1040400   289
HF1 1040401 1044000   290
HF1 1044001 1047600   291
HF1 1047601 1051200   292
HF1 1051201 1054800   293
HF1 1054801 1058400   294
HF1 1058401 1062000   295
HF1 1062001 1065600   296
HF1 1065601 1069200   297
HF1 1069201 1072800   298
HF1 1072801 1076400   299
HF1 1076401 1080000   300
HF1 1080001 1083600   301
HF1 1083601 1087200   302
HF1 1087201 1090800   303
HF1 1090801 1094400   304
HF1 1094401 1098000   305
HF1 1098001 1101600   306
HF1 1101601 1105200   307
HF1 1105201 1108800   308
HF1 1108801 1112400   309
HF1 1112401 1116000   310
HF1 1116001 1119600   311
HF1 1119601 1123200   312
HF1 1123201 1126800   313
HF1 1126801 1130400   314
HF1 1130401 1134000   315
HF1 1134001 1137600   316
HF1 1137601 1141200   317
HF1 1141201 1144800   318
HF1 1144801 1148400   319
HF1 1148401 1152000   320
HF1 1152001 1155600   321
HF1 1155601 1159200   322
HF1 1159201 1162800   323
HF1 1162801 1166400   324
HF1 1166401 1170000   325
HF1 1170001 1173600   326
HF1 1173601 1177200   327
HF1 1177201 1180800   328
HF1 1180801 1184400   329
HF1 1184401 1188000   330
HF1 1188001 1191600   331
HF1 1191601 1195200   332
HF1 1195201 1198800   333
HF1 1198801 1202400   334
HF1 1202401 1206000   335
HF1 1206001 1209600   336
HF1 1209601 1213200   337
HF1 1213201 1216800   338
HF1 1216801 1220400   339
HF1 1220401 1224000   340
HF1 1224001 1227600   341
HF1 1227601 1231200   342
HF1 1231201 1234800   343
HF1 1234801 1238400   344
HF1 1238401 1242000   345
HF1 1242001 1245600   346
HF1 1245601 1249200   347
HF1 1249201 1252800   348
HF1 1252801 1256400   349
HF1 1256401 1260000   350
HF1 1260001 1263600   351
HF1 1263601 1267200   352
HF1 1267201 1270800   353
HF1 1270801 1274400   354
HF1 1274401 1278000   355
HF1 1278001 1281600   356
HF1 1281601 1285200   357
HF1 1285201 1288800   358
HF1 1288801 1292400   359
HF1 1292401 1296000   360
HF1 1296001 1299600   361
HF1 1299601 1303200   362
HF1 1303201 1306800   363
HF1 1306801 1310400   364
HF1 1310401 1314000   365
HF1 1314001 1317600   366
HF1 1317601 1321200   367
HF1 1321201 1324800   368
HF1 1324801 1328400   369
HF1 1328401 1332000   370
HF1 1332001 1335600   371
HF1 1335601 1339200   372
HF1 1339201 1342800   373
HF1 1342801 1346400   374
HF1 1346401 1350000   375
HF1 1350001 1353600   376
HF1 1353601 1357200   377
HF1 1357201 1360800   378
HF1 1360801 1364400   379
HF1 1364401 1368000   380
HF1 1368001 1371600   381
HF1 1371601 1375200   382
HF1 1375201 1378800   383
HF1 1378801 1382400   384
HF1 1382401 1386000   385
HF1 1386001 1389600   386
HF1 1389601 1393200   387
HF1 1393201 1396800   388
HF1 1396801 1400400   389
HF1 1400401 1404000   390
HF1 1404001 1407600   391
HF1 1407601 1411200   392
HF1 1411201 1414800   393
HF1 1414801 1418400   394
HF1 1418401 1422000   395
HF1 1422001 1425600   396
HF1 1425601 1429200   397
HF1 1429201 1432800   398
HF1 1432801 1436400   399
HF1 1436401 1440000   400
HF1 1440001 1443600   401
HF1 1443601 1447200   402
HF1 1447201 1450800   403
HF1 1450801 1454400   404
HF1 1454401 1458000   405
HF1 1458001 1461600   406
HF1 1461601 1465200   407
HF1 1465201 1468800   408
HF1 1468801 1472400   409
HF1 1472401 1476000   410
HF1 1476001 1479600   411
HF1 1479601 1483200   412
HF1 1483201 1486800   413
HF1 1486801 1490400   414
HF1 1490401 1494000   415
HF1 1494001 1497600   416
HF1 1497601 1501200   417
HF1 1501201 1504800   418
HF1 1504801 1508400   419
HF1 1508401 1512000   420
HF1 1512001 1515600   421
HF1 1515601 1519200   422
HF1 1519201 1522800   423
HF1 1522801 1526400   424
HF1 1526401 1530000   425
HF1 1530001 1533600   426
HF1 1533601 1537200   427
HF1 1537201 1540800   428
HF1 1540801 1544400   429
HF1 1544401 1548000   430
HF1 1548001 1551600   431
HF1 1551601 1555200   432
HF1 1555201 1558800   433
HF1 1558801 1562400   434
HF1 1562401 1566000   435
HF1 1566001 1569600   436
HF1 1569601 1573200   437
HF1 1573201 1576800   438
HF1 1576801 1580400   439
HF1 1580401 1584000   440
HF1 1584001 1587600   441
HF1 1587601 1591200   442
HF1 1591201 1594800   443
HF1 1594801 1598400   444
HF1 1598401 1602000   445
HF1 1602001 1605600   446
HF1 1605601 1609200   447
HF1 1609201 1612800   448
HF1 1612801 1616400   449
HF1 1616401 1620000   450
HF1 1620001 1623600   451
HF1 1623601 1627200   452
HF1 1627201 1630800   453
HF1 1630801 1634400   454
HF1 1634401 1638000   455
HF1 1638001 1641600   456
HF1 1641601 1645200   457
HF1 1645201 1648800   458
HF1 1648801 1652400   459
HF1 1652401 1656000   460
HF1 1656001 1659600   461
HF1 1659601 1663200   462
HF1 1663201 1666800   463
HF1 1666801 1670400   464
HF1 1670401 1674000   465
HF1 1674001 1677600   466
HF1 1677601 1681200   467
HF1 1681201 1684800   468
HF1 1684801 1688400   469
HF1 1688401 1692000   470
HF1 1692001 1695600   471
HF1 1695601 1699200   472
HF1 1699201 1702800   473
HF1 1702801 1706400   474
HF1 1706401 1710000   475
HF1 1710001 1713600   476
HF1 1713601 1717200   477
HF1 1717201 1720800   478
HF1 1720801 1724400   479
HF1 1724401 1728000   480
HF1 1728001 1731600   481
HF1 1731601 1735200   482
HF1 1735201 1738800   483
HF1 1738801 1742400   484
HF1 1742401 1746000   485
HF1 1746001 1749600   486
HF1 1749601 1753200   487
HF1 1753201 1756800   488
HF1 1756801 1760400   489
HF1 1760401 1764000   490
HF1 1764001 1767600   491
HF1 1767601 1771200   492
HF1 1771201 1774800   493
HF1 1774801 1778400   494
HF1 1778401 1780869   495
